104
183
101
280
295
118
116
112
151
109
121
205
125
266
92
192
174
236
1744
1865
184
96
97
1772
257
1862
67
262
117
107
108
1868
129
134
95
1866
224
12
238
179
186
1876
153
289
2979
307
310
149
227
231
201
103
248
41
43
44
45
1872
98
1774
124
213
214
220
2982
128
65
2957
265
1742
88
89
91
94
216
217
219
85
6
168
234
237
245
113
90
180
196
200
203
1879
100
99
2992
223
93
2974
269
272
276
188
189
2980
105
268
181
191
147
148
150
254
259
260
2961
177
178
301
76
264
1874
1761
114
2976
115
2978
294
111
136
161
1878
2988
132
133
1769
1770
1863
64
2956
267
1771
2968
2970
169
172
193
1743
207
208
215
221
1746
1749
87
235
239
244
246
373
106
175
182
185
190
194
195
204
135
152
1826
1082
290
298
770
2407
78
68
1756
2981
306
1752
120
2983
258
228
229
232
1851
187
274
137
69
38
1875
61
250
141
1
165
40
42
1841
119
80
2977
163
2998
308
143
75
197
2986
146
73
110
1768
1880
2967
50
1759
2993
171
57
1758
218
225
1745
2751
2975
142
25
167
233
240
243
176
2753
81
13
154
155
158
1318
1767
1951
374
270
275
277
278
279
291
292
293
297
1937
1944
1945
36
37
39
52
256
1940
46
375
86
2973
312
1753
1754
1778
2985
2420
2749
159
1765
2750
255
281
1939
2960
2963
230
368
2991
102
1867
59
62
249
251
2966
166
1869
1859
77
1757
1760
372
160
71
126
127
211
212
1750
2987
2990
2955
60
1763
139
140
51
2964
2969
170
1877
145
1773
206
366
1748
2754
84
82
14
15
26
173
241
198
199
1247
1775
131
156
157
162
1864
1953
1954
304
305
473
475
1942
1943
1834
53
2405
1956
2423
122
1933
210
17
23
311
1959
55
1764
3001
261
2424
2959
47
48
1858
367
300
1871
63
2965
1827
3000
263
2
7
27
1870
1873
49
767
2958
2997
202
3003
54
70
58
333
72
74
1828
1831
3002
2971
209
1747
2755
2989
2972
376
1982
1983
1984
1931
242
247
1860
1861
222
226
1762
1952
1081
1972
2419
2421
2422
271
771
1936
2962
273
1842
1935
1938
2996
56
296
314
1079
1755
1957
123
1934
2984
83
164
474
1965
2367
16
20
24
33
34
309
313
1955
1958
1961
144
1853
2746
1077
1963
2994
2995
1960
1857
252
138
1766
3
4
5
9
28
30
1985
130
66
79
1780
1981
1941
35
1083
469
2365
2366
10
21
22
315
369
370
371
1978
1979
2752
32
1776
1777
1962
1964
253
8
11
18
19
29
31
1930